{
 "cells": [
  {
   "cell_type": "code",
   "execution_count": 183,
   "metadata": {
    "scrolled": true
   },
   "outputs": [
    {
     "data": {
      "text/html": [
       "<div>\n",
       "<style scoped>\n",
       "    .dataframe tbody tr th:only-of-type {\n",
       "        vertical-align: middle;\n",
       "    }\n",
       "\n",
       "    .dataframe tbody tr th {\n",
       "        vertical-align: top;\n",
       "    }\n",
       "\n",
       "    .dataframe thead th {\n",
       "        text-align: right;\n",
       "    }\n",
       "</style>\n",
       "<table border=\"1\" class=\"dataframe\">\n",
       "  <thead>\n",
       "    <tr style=\"text-align: right;\">\n",
       "      <th></th>\n",
       "      <th>USRID</th>\n",
       "      <th>EVT_LBL</th>\n",
       "      <th>OCC_TIM</th>\n",
       "      <th>TCH_TYP</th>\n",
       "      <th>hour</th>\n",
       "      <th>day</th>\n",
       "    </tr>\n",
       "  </thead>\n",
       "  <tbody>\n",
       "    <tr>\n",
       "      <th>0</th>\n",
       "      <td>10002</td>\n",
       "      <td>163-577-913</td>\n",
       "      <td>2018-03-22 16:31:44</td>\n",
       "      <td>0</td>\n",
       "      <td>16</td>\n",
       "      <td>22</td>\n",
       "    </tr>\n",
       "    <tr>\n",
       "      <th>1</th>\n",
       "      <td>10002</td>\n",
       "      <td>163-578-914</td>\n",
       "      <td>2018-03-22 16:31:18</td>\n",
       "      <td>0</td>\n",
       "      <td>16</td>\n",
       "      <td>22</td>\n",
       "    </tr>\n",
       "    <tr>\n",
       "      <th>2</th>\n",
       "      <td>10002</td>\n",
       "      <td>259-924-1525</td>\n",
       "      <td>2018-03-22 16:31:15</td>\n",
       "      <td>0</td>\n",
       "      <td>16</td>\n",
       "      <td>22</td>\n",
       "    </tr>\n",
       "    <tr>\n",
       "      <th>3</th>\n",
       "      <td>10002</td>\n",
       "      <td>326-1040-1677</td>\n",
       "      <td>2018-03-06 12:08:51</td>\n",
       "      <td>0</td>\n",
       "      <td>12</td>\n",
       "      <td>6</td>\n",
       "    </tr>\n",
       "    <tr>\n",
       "      <th>4</th>\n",
       "      <td>10002</td>\n",
       "      <td>326-1041-1678</td>\n",
       "      <td>2018-03-09 14:40:22</td>\n",
       "      <td>0</td>\n",
       "      <td>14</td>\n",
       "      <td>9</td>\n",
       "    </tr>\n",
       "    <tr>\n",
       "      <th>5</th>\n",
       "      <td>10002</td>\n",
       "      <td>326-1041-1678</td>\n",
       "      <td>2018-03-16 17:45:42</td>\n",
       "      <td>0</td>\n",
       "      <td>17</td>\n",
       "      <td>16</td>\n",
       "    </tr>\n",
       "    <tr>\n",
       "      <th>6</th>\n",
       "      <td>10002</td>\n",
       "      <td>359-1234-2004</td>\n",
       "      <td>2018-03-15 10:40:35</td>\n",
       "      <td>0</td>\n",
       "      <td>10</td>\n",
       "      <td>15</td>\n",
       "    </tr>\n",
       "    <tr>\n",
       "      <th>7</th>\n",
       "      <td>10002</td>\n",
       "      <td>520-1836-3640</td>\n",
       "      <td>2018-03-06 12:07:02</td>\n",
       "      <td>0</td>\n",
       "      <td>12</td>\n",
       "      <td>6</td>\n",
       "    </tr>\n",
       "    <tr>\n",
       "      <th>8</th>\n",
       "      <td>10002</td>\n",
       "      <td>520-1836-3640</td>\n",
       "      <td>2018-03-09 11:23:01</td>\n",
       "      <td>0</td>\n",
       "      <td>11</td>\n",
       "      <td>9</td>\n",
       "    </tr>\n",
       "    <tr>\n",
       "      <th>9</th>\n",
       "      <td>10002</td>\n",
       "      <td>520-1836-3640</td>\n",
       "      <td>2018-03-22 16:31:13</td>\n",
       "      <td>0</td>\n",
       "      <td>16</td>\n",
       "      <td>22</td>\n",
       "    </tr>\n",
       "  </tbody>\n",
       "</table>\n",
       "</div>"
      ],
      "text/plain": [
       "   USRID        EVT_LBL             OCC_TIM  TCH_TYP  hour  day\n",
       "0  10002    163-577-913 2018-03-22 16:31:44        0    16   22\n",
       "1  10002    163-578-914 2018-03-22 16:31:18        0    16   22\n",
       "2  10002   259-924-1525 2018-03-22 16:31:15        0    16   22\n",
       "3  10002  326-1040-1677 2018-03-06 12:08:51        0    12    6\n",
       "4  10002  326-1041-1678 2018-03-09 14:40:22        0    14    9\n",
       "5  10002  326-1041-1678 2018-03-16 17:45:42        0    17   16\n",
       "6  10002  359-1234-2004 2018-03-15 10:40:35        0    10   15\n",
       "7  10002  520-1836-3640 2018-03-06 12:07:02        0    12    6\n",
       "8  10002  520-1836-3640 2018-03-09 11:23:01        0    11    9\n",
       "9  10002  520-1836-3640 2018-03-22 16:31:13        0    16   22"
      ]
     },
     "execution_count": 183,
     "metadata": {},
     "output_type": "execute_result"
    }
   ],
   "source": [
    "#导入模块，导入数据，处理时间--train_log\n",
    "import numpy as np\n",
    "import pandas as pd\n",
    "from pandas import DataFrame\n",
    "from collections import Counter\n",
    "train_log = pd.read_csv('train/train_log.csv',sep='\\t',parse_dates = ['OCC_TIM'])#parse_dates:这是指定含有时间数据信息的列。\n",
    "train_log['hour'] = train_log.OCC_TIM.map(lambda x:x.hour)\n",
    "train_log['day'] = train_log.OCC_TIM.map(lambda x:x.day)\n",
    "train_log.head(10)#显示excel表格"
   ]
  },
  {
   "cell_type": "code",
   "execution_count": 184,
   "metadata": {},
   "outputs": [
    {
     "data": {
      "text/html": [
       "<div>\n",
       "<style scoped>\n",
       "    .dataframe tbody tr th:only-of-type {\n",
       "        vertical-align: middle;\n",
       "    }\n",
       "\n",
       "    .dataframe tbody tr th {\n",
       "        vertical-align: top;\n",
       "    }\n",
       "\n",
       "    .dataframe thead th {\n",
       "        text-align: right;\n",
       "    }\n",
       "</style>\n",
       "<table border=\"1\" class=\"dataframe\">\n",
       "  <thead>\n",
       "    <tr style=\"text-align: right;\">\n",
       "      <th></th>\n",
       "      <th>USRID</th>\n",
       "      <th>OCC_TIM</th>\n",
       "      <th>TCH_TYP</th>\n",
       "      <th>hour</th>\n",
       "      <th>day</th>\n",
       "      <th>EVT_LBL_1</th>\n",
       "      <th>EVT_LBL_2</th>\n",
       "      <th>EVT_LBL_3</th>\n",
       "    </tr>\n",
       "  </thead>\n",
       "  <tbody>\n",
       "    <tr>\n",
       "      <th>0</th>\n",
       "      <td>10002</td>\n",
       "      <td>2018-03-22 16:31:44</td>\n",
       "      <td>0</td>\n",
       "      <td>16</td>\n",
       "      <td>22</td>\n",
       "      <td>163</td>\n",
       "      <td>577</td>\n",
       "      <td>913</td>\n",
       "    </tr>\n",
       "    <tr>\n",
       "      <th>1</th>\n",
       "      <td>10002</td>\n",
       "      <td>2018-03-22 16:31:18</td>\n",
       "      <td>0</td>\n",
       "      <td>16</td>\n",
       "      <td>22</td>\n",
       "      <td>163</td>\n",
       "      <td>578</td>\n",
       "      <td>914</td>\n",
       "    </tr>\n",
       "    <tr>\n",
       "      <th>2</th>\n",
       "      <td>10002</td>\n",
       "      <td>2018-03-22 16:31:15</td>\n",
       "      <td>0</td>\n",
       "      <td>16</td>\n",
       "      <td>22</td>\n",
       "      <td>259</td>\n",
       "      <td>924</td>\n",
       "      <td>1525</td>\n",
       "    </tr>\n",
       "    <tr>\n",
       "      <th>3</th>\n",
       "      <td>10002</td>\n",
       "      <td>2018-03-06 12:08:51</td>\n",
       "      <td>0</td>\n",
       "      <td>12</td>\n",
       "      <td>6</td>\n",
       "      <td>326</td>\n",
       "      <td>1040</td>\n",
       "      <td>1677</td>\n",
       "    </tr>\n",
       "    <tr>\n",
       "      <th>4</th>\n",
       "      <td>10002</td>\n",
       "      <td>2018-03-09 14:40:22</td>\n",
       "      <td>0</td>\n",
       "      <td>14</td>\n",
       "      <td>9</td>\n",
       "      <td>326</td>\n",
       "      <td>1041</td>\n",
       "      <td>1678</td>\n",
       "    </tr>\n",
       "    <tr>\n",
       "      <th>5</th>\n",
       "      <td>10002</td>\n",
       "      <td>2018-03-16 17:45:42</td>\n",
       "      <td>0</td>\n",
       "      <td>17</td>\n",
       "      <td>16</td>\n",
       "      <td>326</td>\n",
       "      <td>1041</td>\n",
       "      <td>1678</td>\n",
       "    </tr>\n",
       "    <tr>\n",
       "      <th>6</th>\n",
       "      <td>10002</td>\n",
       "      <td>2018-03-15 10:40:35</td>\n",
       "      <td>0</td>\n",
       "      <td>10</td>\n",
       "      <td>15</td>\n",
       "      <td>359</td>\n",
       "      <td>1234</td>\n",
       "      <td>2004</td>\n",
       "    </tr>\n",
       "    <tr>\n",
       "      <th>7</th>\n",
       "      <td>10002</td>\n",
       "      <td>2018-03-06 12:07:02</td>\n",
       "      <td>0</td>\n",
       "      <td>12</td>\n",
       "      <td>6</td>\n",
       "      <td>520</td>\n",
       "      <td>1836</td>\n",
       "      <td>3640</td>\n",
       "    </tr>\n",
       "    <tr>\n",
       "      <th>8</th>\n",
       "      <td>10002</td>\n",
       "      <td>2018-03-09 11:23:01</td>\n",
       "      <td>0</td>\n",
       "      <td>11</td>\n",
       "      <td>9</td>\n",
       "      <td>520</td>\n",
       "      <td>1836</td>\n",
       "      <td>3640</td>\n",
       "    </tr>\n",
       "    <tr>\n",
       "      <th>9</th>\n",
       "      <td>10002</td>\n",
       "      <td>2018-03-22 16:31:13</td>\n",
       "      <td>0</td>\n",
       "      <td>16</td>\n",
       "      <td>22</td>\n",
       "      <td>520</td>\n",
       "      <td>1836</td>\n",
       "      <td>3640</td>\n",
       "    </tr>\n",
       "  </tbody>\n",
       "</table>\n",
       "</div>"
      ],
      "text/plain": [
       "   USRID             OCC_TIM  TCH_TYP  hour  day EVT_LBL_1 EVT_LBL_2 EVT_LBL_3\n",
       "0  10002 2018-03-22 16:31:44        0    16   22       163       577       913\n",
       "1  10002 2018-03-22 16:31:18        0    16   22       163       578       914\n",
       "2  10002 2018-03-22 16:31:15        0    16   22       259       924      1525\n",
       "3  10002 2018-03-06 12:08:51        0    12    6       326      1040      1677\n",
       "4  10002 2018-03-09 14:40:22        0    14    9       326      1041      1678\n",
       "5  10002 2018-03-16 17:45:42        0    17   16       326      1041      1678\n",
       "6  10002 2018-03-15 10:40:35        0    10   15       359      1234      2004\n",
       "7  10002 2018-03-06 12:07:02        0    12    6       520      1836      3640\n",
       "8  10002 2018-03-09 11:23:01        0    11    9       520      1836      3640\n",
       "9  10002 2018-03-22 16:31:13        0    16   22       520      1836      3640"
      ]
     },
     "execution_count": 184,
     "metadata": {},
     "output_type": "execute_result"
    }
   ],
   "source": [
    "#将train_log 中  EVT_LB--拆分成了三个模块加在后面--保存成df3\n",
    "df2=train_log[\"EVT_LBL\"].str.split('-', expand=True)#给EVT_LBL字段分开成三个，expand=True参数将字符串拆分成多列，返回一个数据框\n",
    "df3=train_log.drop('EVT_LBL', axis=1).join(df2)#原表格按照列方向，删除EVT_LBL，然后将后来的新的一列表格df2水平连接\n",
    "#df3=train_log.join(df2)#暂时不删除EVT_LBL\n",
    "df3.rename(columns={0: 'EVT_LBL_1', 1: 'EVT_LBL_2', 2: 'EVT_LBL_3'}, inplace=True)#将上面列名称0，1，2改成新的名称\n",
    "df3.head(10)"
   ]
  },
  {
   "cell_type": "markdown",
   "metadata": {},
   "source": [
    "# 下面是具体对df3操作的方法"
   ]
  },
  {
   "cell_type": "code",
   "execution_count": 185,
   "metadata": {},
   "outputs": [],
   "source": [
    "# 得到每个用户在模块1-2-3中的最常用的模块（多个频繁模块则取平均）\n",
    "df3['module_1']=np.array(df3['EVT_LBL_1'],dtype='int64')\n",
    "df3['module_2']=np.array(df3['EVT_LBL_2'],dtype='int64')\n",
    "df3['module_3']=np.array(df3['EVT_LBL_3'],dtype='int64')\n",
    "EVT_LBL_1_module=df3.groupby('USRID', as_index = False)['module_1'].agg({'EVT_LBL_1_module':lambda x: np.mean(pd.Series.mode(x))})\n",
    "EVT_LBL_2_module=df3.groupby('USRID', as_index = False)['module_2'].agg({'EVT_LBL_2_module':lambda x: np.mean(pd.Series.mode(x))})\n",
    "EVT_LBL_3_module=df3.groupby('USRID', as_index = False)['module_3'].agg({'EVT_LBL_3_module':lambda x: np.mean(pd.Series.mode(x))})"
   ]
  },
  {
   "cell_type": "code",
   "execution_count": 189,
   "metadata": {},
   "outputs": [
    {
     "data": {
      "text/plain": [
       "USRID               False\n",
       "EVT_LBL_3_module    False\n",
       "dtype: bool"
      ]
     },
     "execution_count": 189,
     "metadata": {},
     "output_type": "execute_result"
    }
   ],
   "source": [
    "EVT_LBL_3_module.isnull().any()"
   ]
  },
  {
   "cell_type": "code",
   "execution_count": null,
   "metadata": {},
   "outputs": [],
   "source": [
    "#value_counts 自动排序，取第一个就是最频繁的里面最大的\n",
    "df3.groupby('USRID')['EVT_LBL_1'].agg(lambda x: x.value_counts().index[0]).reset_index()"
   ]
  },
  {
   "cell_type": "code",
   "execution_count": null,
   "metadata": {},
   "outputs": [],
   "source": [
    "#调用scipy 中的办法\n",
    "from scipy import stats\n",
    "df3.groupby('USRID')['EVT_LBL_1'].agg(lambda x: stats.mode(x)[0][0]).reset_index()"
   ]
  },
  {
   "cell_type": "code",
   "execution_count": null,
   "metadata": {},
   "outputs": [],
   "source": [
    "# 调用Counter.most_common方法--写函数取出DF中 EVT_LBL_1 列 中的出现次数最多的元素，转化成矩阵数值 返回\n",
    "def trans(dd):\n",
    "    kk=[word for word, word_count in Counter(dd['EVT_LBL_1']).most_common(1)]\n",
    "    numpy_df=np.array(kk,dtype='int64')\n",
    "    return numpy_df\n",
    "EVT_LBL_1_module = df3.groupby(by= ['USRID'], as_index = False)['EVT_LBL_1'].agg({'EVT_LBL_1_module':lambda x:trans(dd)})\n",
    "EVT_LBL_1_module"
   ]
  },
  {
   "cell_type": "markdown",
   "metadata": {},
   "source": [
    "# 下面是摸索出来的几个不同的求频率最高的元素的值的方法"
   ]
  },
  {
   "cell_type": "code",
   "execution_count": null,
   "metadata": {},
   "outputs": [],
   "source": [
    "#1----------Counter.most_common方法，找到频率最高的值\n",
    "from collections import Counter\n",
    "word_counts = Counter(df3.head(10)['EVT_LBL_1'])\n",
    "print(word_counts.most_common(3))#一对数值\n",
    "\n",
    "most_common_words=[word for word, word_count in Counter(df3.head(10)['EVT_LBL_1']).most_common(1)]\n",
    "print (most_common_words)\n",
    "\n",
    "from pandas import DataFrame\n",
    "most_common_words=DataFrame([word for word, word_count in Counter(df3['EVT_LBL_1']).most_common(1)])\n",
    "print (most_common_words)"
   ]
  },
  {
   "cell_type": "code",
   "execution_count": null,
   "metadata": {},
   "outputs": [],
   "source": [
    "#2----------df转化为numpy,再求众数np.argmax(np.bincount)\n",
    "example=df3['EVT_LBL_1']\n",
    "numpy_df=np.array(example,dtype='int64')\n",
    "print(numpy_df)\n",
    "numpy_df.dtype\n",
    "np.argmax(np.bincount(numpy_df))\n",
    "#np.argmax(np.bincount(['EVT_LBL_1']))"
   ]
  },
  {
   "cell_type": "code",
   "execution_count": null,
   "metadata": {},
   "outputs": [],
   "source": [
    "#3------------mode 方法求众数\n",
    "dd=df3[:20]\n",
    "kk=DataFrame(dd['EVT_LBL_1'].dropna().mode().values)\n",
    "kk"
   ]
  }
 ],
 "metadata": {
  "kernelspec": {
   "display_name": "Python 3",
   "language": "python",
   "name": "python3"
  },
  "language_info": {
   "codemirror_mode": {
    "name": "ipython",
    "version": 3
   },
   "file_extension": ".py",
   "mimetype": "text/x-python",
   "name": "python",
   "nbconvert_exporter": "python",
   "pygments_lexer": "ipython3",
   "version": "3.6.4"
  }
 },
 "nbformat": 4,
 "nbformat_minor": 2
}
